LexicalReordering0= 0.0443213
LexicalReordering0= 0.0832341
LexicalReordering0= 0.0235912
LexicalReordering0= -0.167604
LexicalReordering0= 0.0463857
LexicalReordering0= 0.0461734
Distortion0= 0.0552498
LM0= 0.0931075
WordPenalty0= 0.0320595
PhrasePenalty0= -0.253551
TranslationModel0= 0.0167651
TranslationModel0= 0.0865942
TranslationModel0= 0.0395124
TranslationModel0= -0.0118509
