LexicalReordering0= 0.000726268
LexicalReordering0= 0.00136391
LexicalReordering0= 0.000386576
LexicalReordering0= -0.00274643
LexicalReordering0= 0.000760097
LexicalReordering0= 0.000756617
Distortion0= 0.000905348
LM0= 0.0015257
WordPenalty0= 0.000525341
PhrasePenalty0= -0.987768
TranslationModel0= 0.00027472
TranslationModel0= 0.00141897
TranslationModel0= 0.000647467
TranslationModel0= -0.000194194
