LexicalReordering0= 0.00917406
LexicalReordering0= 0.260974
LexicalReordering0= 0.0473026
LexicalReordering0= -0.033283
LexicalReordering0= 0.00258961
LexicalReordering0= 0.0712602
Distortion0= 0.0449415
LM0= 0.0453666
WordPenalty0= -0.246717
PhrasePenalty0= -0.120507
TranslationModel0= 0.0112175
TranslationModel0= 0.0735693
TranslationModel0= 0.0293245
TranslationModel0= -0.00377276
