LexicalReordering0= 0.0906324
LexicalReordering0= 0.236309
LexicalReordering0= 0.042832
LexicalReordering0= -0.0301374
LexicalReordering0= 0.00234486
LexicalReordering0= 0.0645253
Distortion0= 0.040694
LM0= 0.0410789
WordPenalty0= -0.223399
PhrasePenalty0= -0.12086
TranslationModel0= 0.0101573
TranslationModel0= 0.0666161
TranslationModel0= 0.026553
TranslationModel0= -0.00386027
