LexicalReordering0= 0.000238224
LexicalReordering0= 0.000588553
LexicalReordering0= 0.000862271
LexicalReordering0= -0.000825863
LexicalReordering0= 0.000321808
LexicalReordering0= 0.000502018
Distortion0= 0.000276766
LM0= 0.000815296
WordPenalty0= -0.993348
PhrasePenalty0= -0.000666036
TranslationModel0= 0.000852091
TranslationModel0= 0.000185376
TranslationModel0= 0.000514387
TranslationModel0= -3.52668e-06
