LexicalReordering0= 0.0259227
LexicalReordering0= 0.0375744
LexicalReordering0= 0.0588724
LexicalReordering0= -0.162625
LexicalReordering0= 0.0416566
LexicalReordering0= 0.0575226
Distortion0= 0.00573053
LM0= 0.0425234
WordPenalty0= 0.0507077
PhrasePenalty0= -0.256012
TranslationModel0= 0.188959
TranslationModel0= -0.0253761
TranslationModel0= -0.00950013
TranslationModel0= 0.0370173
