LexicalReordering0= 0.0722402
LexicalReordering0= 0.213617
LexicalReordering0= 0.070343
LexicalReordering0= 0.0115505
LexicalReordering0= 0.0559876
LexicalReordering0= 0.0289971
Distortion0= 0.0683404
LM0= 0.112553
WordPenalty0= 0.030167
PhrasePenalty0= -0.187822
TranslationModel0= 0.107185
TranslationModel0= 0.0396322
TranslationModel0= -0.000412265
TranslationModel0= -0.00115239
