LexicalReordering0= 0.141321
LexicalReordering0= 0.109926
LexicalReordering0= 0.0540324
LexicalReordering0= 0.023626
LexicalReordering0= 0.0329361
LexicalReordering0= 0.0325904
Distortion0= 0.0798854
LM0= 0.114604
WordPenalty0= 0.00188506
PhrasePenalty0= -0.2564
TranslationModel0= 0.0760098
TranslationModel0= 0.0590267
TranslationModel0= 0.0156942
TranslationModel0= 0.00206285
