LexicalReordering0= 0.0206555
LexicalReordering0= 0.0464921
LexicalReordering0= 0.124532
LexicalReordering0= -0.111372
LexicalReordering0= 0.024696
LexicalReordering0= 0.0542966
Distortion0= 0.0451305
LM0= 0.0988891
WordPenalty0= 0.0330981
PhrasePenalty0= -0.305989
TranslationModel0= 0.0340099
TranslationModel0= 0.0671928
TranslationModel0= 0.0302357
TranslationModel0= -0.00341094
