LexicalReordering0= 0.0171508
LexicalReordering0= 0.00672779
LexicalReordering0= 0.00998611
LexicalReordering0= 0.359664
LexicalReordering0= 0.0720294
LexicalReordering0= 0.0891416
Distortion0= 0.0432568
LM0= 0.0526752
WordPenalty0= 0.208136
PhrasePenalty0= 0.0279268
TranslationModel0= 0.0768085
TranslationModel0= 0.00819247
TranslationModel0= 0.0092412
TranslationModel0= -0.0190634
