LexicalReordering0= 0.0180558
LexicalReordering0= 0.117955
LexicalReordering0= 0.104057
LexicalReordering0= 0.122516
LexicalReordering0= 0.0251765
LexicalReordering0= 0.000409694
Distortion0= 0.00966906
LM0= 0.0585653
WordPenalty0= 0.275589
PhrasePenalty0= 0.0892153
TranslationModel0= 0.125323
TranslationModel0= -0.0302224
TranslationModel0= 0.021173
TranslationModel0= 0.00207373
