LexicalReordering0= 0.0180542
LexicalReordering0= 0.117945
LexicalReordering0= 0.104048
LexicalReordering0= 0.122505
LexicalReordering0= 0.0251743
LexicalReordering0= 0.000409658
Distortion0= 0.00966821
LM0= 0.0585602
WordPenalty0= 0.274862
PhrasePenalty0= 0.0892075
TranslationModel0= 0.125312
TranslationModel0= -0.0310093
TranslationModel0= 0.0211711
TranslationModel0= 0.00207355
