LexicalReordering0= 0.0574468
LexicalReordering0= 0.157603
LexicalReordering0= 0.0456719
LexicalReordering0= -0.303085
LexicalReordering0= 0.0304096
LexicalReordering0= 0.0475474
Distortion0= 0.0662101
LM0= 0.0601662
WordPenalty0= 0.037789
PhrasePenalty0= 0.0273088
TranslationModel0= 0.118691
TranslationModel0= -0.00570853
TranslationModel0= 0.0128967
TranslationModel0= 0.029466
