LexicalReordering0= 0.031752
LexicalReordering0= 0.176603
LexicalReordering0= 0.0369119
LexicalReordering0= -0.283581
LexicalReordering0= 0.00422361
LexicalReordering0= 0.0324179
Distortion0= 0.0748705
LM0= 0.105397
WordPenalty0= 0.0113137
PhrasePenalty0= -0.0678329
TranslationModel0= 0.0883716
TranslationModel0= 0.0472413
TranslationModel0= 0.0268165
TranslationModel0= -0.0126669
