LexicalReordering0= 0.00488924
LexicalReordering0= 0.149493
LexicalReordering0= 0.110582
LexicalReordering0= 0.0776976
LexicalReordering0= 0.0853853
LexicalReordering0= 0.0823103
Distortion0= 0.0735872
LM0= 0.0637097
WordPenalty0= 0.150338
PhrasePenalty0= 0.0146736
TranslationModel0= 0.138362
TranslationModel0= -0.00501186
TranslationModel0= 0.00899911
TranslationModel0= 0.0349615
