LexicalReordering0= 0.119243
LexicalReordering0= 0.217407
LexicalReordering0= 0.24809
LexicalReordering0= -0.0870653
LexicalReordering0= 0.0292091
LexicalReordering0= 0.0344724
Distortion0= 0.00437849
LM0= 0.0480446
WordPenalty0= 0.00500684
PhrasePenalty0= -0.148762
TranslationModel0= 0.00809462
TranslationModel0= 0.0410573
TranslationModel0= 0.00286091
TranslationModel0= 0.00630739
