LexicalReordering0= 0.115864
LexicalReordering0= 0.211246
LexicalReordering0= 0.24106
LexicalReordering0= -0.145335
LexicalReordering0= 0.0283814
LexicalReordering0= 0.0334955
Distortion0= 0.00425441
LM0= 0.0466831
WordPenalty0= 0.00486495
PhrasePenalty0= -0.110945
TranslationModel0= 0.00786523
TranslationModel0= 0.0398938
TranslationModel0= 0.00398431
TranslationModel0= 0.00612865
