LexicalReordering0= 0.079913
LexicalReordering0= 0.0614121
LexicalReordering0= 0.0739967
LexicalReordering0= 0.072872
LexicalReordering0= 0.0156813
LexicalReordering0= 0.069875
Distortion0= 0.0765849
LM0= 0.0585124
WordPenalty0= 0.256628
PhrasePenalty0= 0.0694328
TranslationModel0= 0.118994
TranslationModel0= -0.0246439
TranslationModel0= 0.0172792
TranslationModel0= 0.00417497
