LexicalReordering0= 0.227816
LexicalReordering0= 0.0221568
LexicalReordering0= 0.154462
LexicalReordering0= -0.111402
LexicalReordering0= 0.036863
LexicalReordering0= 0.0198402
Distortion0= 0.012268
LM0= 0.0454611
WordPenalty0= 0.226198
PhrasePenalty0= 0.0203276
TranslationModel0= 0.107841
TranslationModel0= -0.00417451
TranslationModel0= 0.00613855
TranslationModel0= -0.00505045
