LexicalReordering0= 0.270884
LexicalReordering0= 0.0419303
LexicalReordering0= 0.0573121
LexicalReordering0= 0.0383928
LexicalReordering0= 0.0401429
LexicalReordering0= 0.023623
Distortion0= 0.075048
LM0= 0.0666192
WordPenalty0= 0.247335
PhrasePenalty0= 0.00608608
TranslationModel0= 0.112594
TranslationModel0= 0.00187653
TranslationModel0= 0.0172202
TranslationModel0= 0.000936136
