LexicalReordering0= 0.0945172
LexicalReordering0= 0.00246959
LexicalReordering0= 0.0409754
LexicalReordering0= -0.236474
LexicalReordering0= 0.102284
LexicalReordering0= 0.0396866
Distortion0= 0.0877033
LM0= 0.0893828
WordPenalty0= 0.0725083
PhrasePenalty0= -0.105571
TranslationModel0= 0.088717
TranslationModel0= 0.027946
TranslationModel0= -0.00563719
TranslationModel0= 0.00612762
