LexicalReordering0= 0.122183
LexicalReordering0= 0.0995602
LexicalReordering0= 0.074507
LexicalReordering0= 0.00438931
LexicalReordering0= 0.00842053
LexicalReordering0= 0.0291388
Distortion0= 0.0612401
LM0= 0.0802584
WordPenalty0= 0.059595
PhrasePenalty0= -0.332902
TranslationModel0= 0.0199103
TranslationModel0= 0.0771588
TranslationModel0= 0.0226809
TranslationModel0= -0.00805594
