LexicalReordering0= 0.124431
LexicalReordering0= 0.101392
LexicalReordering0= 0.0758779
LexicalReordering0= 0.00447007
LexicalReordering0= 0.00857546
LexicalReordering0= 0.0296749
Distortion0= 0.0623669
LM0= 0.0817351
WordPenalty0= 0.0606915
PhrasePenalty0= -0.339027
TranslationModel0= 0.0202766
TranslationModel0= 0.0618312
TranslationModel0= 0.0214456
TranslationModel0= -0.00820417
