LexicalReordering0= 0.288506
LexicalReordering0= 0.00720375
LexicalReordering0= 0.15109
LexicalReordering0= 0.029864
LexicalReordering0= 0.0446785
LexicalReordering0= 0.037567
Distortion0= 0.0134561
LM0= 0.0691603
WordPenalty0= 0.218627
PhrasePenalty0= 0.0143858
TranslationModel0= 0.100509
TranslationModel0= -0.00961243
TranslationModel0= 0.0141283
TranslationModel0= -0.0012122
