LexicalReordering0= 0.093076
LexicalReordering0= 0.0633689
LexicalReordering0= 0.133039
LexicalReordering0= 0.0530262
LexicalReordering0= 0.0451478
LexicalReordering0= 0.0724278
Distortion0= 0.122946
LM0= 0.0852916
WordPenalty0= 0.106243
PhrasePenalty0= 0.0275512
TranslationModel0= 0.145414
TranslationModel0= 0.00366034
TranslationModel0= -0.0131326
TranslationModel0= 0.0356739
