LexicalReordering0= 0.0246898
LexicalReordering0= 0.0543256
LexicalReordering0= 0.288757
LexicalReordering0= -0.18625
LexicalReordering0= 0.0549847
LexicalReordering0= 0.00827651
Distortion0= 0.00604748
LM0= 0.0553385
WordPenalty0= 0.114889
PhrasePenalty0= 0.0491178
TranslationModel0= 0.0630052
TranslationModel0= 0.0397374
TranslationModel0= 0.0454535
TranslationModel0= -0.00912699
