LexicalReordering0= 0.0219929
LexicalReordering0= 0.171699
LexicalReordering0= 0.224434
LexicalReordering0= 0.0697946
LexicalReordering0= 0.0150172
LexicalReordering0= 0.0120776
Distortion0= 0.01721
LM0= 0.11015
WordPenalty0= 0.054202
PhrasePenalty0= -0.149241
TranslationModel0= 0.105242
TranslationModel0= 0.0392761
TranslationModel0= 0.00395982
TranslationModel0= -0.00570407
