LexicalReordering0= 0.0273611
LexicalReordering0= 0.060216
LexicalReordering0= 0.0800408
LexicalReordering0= 0.00352241
LexicalReordering0= 0.0899669
LexicalReordering0= 0.080961
Distortion0= 0.0746584
LM0= 0.109391
WordPenalty0= 0.0535018
PhrasePenalty0= -0.275991
TranslationModel0= 0.0827096
TranslationModel0= 0.0261152
TranslationModel0= -0.00610718
TranslationModel0= 0.0294571
