LexicalReordering0= 0.000426003
LexicalReordering0= 0.000952925
LexicalReordering0= 0.000958651
LexicalReordering0= 0.000712009
LexicalReordering0= 0.000531066
LexicalReordering0= 0.000774397
Distortion0= 0.000873065
LM0= 0.00058078
WordPenalty0= 9.09131e-05
PhrasePenalty0= -0.993177
TranslationModel0= 0.000146773
TranslationModel0= 0.000460277
TranslationModel0= 0.000215347
TranslationModel0= -0.000100953
