LexicalReordering0= 0.113223
LexicalReordering0= 0.0194282
LexicalReordering0= 0.246267
LexicalReordering0= -0.164763
LexicalReordering0= 0.0243003
LexicalReordering0= 0.0351837
Distortion0= 0.0164088
LM0= 0.114749
WordPenalty0= 0.0920284
PhrasePenalty0= 0.00450901
TranslationModel0= 0.0562799
TranslationModel0= 0.0748062
TranslationModel0= 0.0232404
TranslationModel0= -0.0148118
