LexicalReordering0= 0.0505814
LexicalReordering0= 0.0241752
LexicalReordering0= 0.0366955
LexicalReordering0= -0.116911
LexicalReordering0= 0.10117
LexicalReordering0= 0.00385257
Distortion0= 0.0669026
LM0= 0.0727815
WordPenalty0= -0.169004
PhrasePenalty0= -0.254357
TranslationModel0= 0.0147099
TranslationModel0= 0.0671075
TranslationModel0= 0.0200055
TranslationModel0= 0.00174685
