LexicalReordering0= 0.00751612
LexicalReordering0= 0.0243071
LexicalReordering0= 0.145257
LexicalReordering0= 0.0478259
LexicalReordering0= 0.0552588
LexicalReordering0= 0.00889299
Distortion0= 0.00107246
LM0= 0.0783563
WordPenalty0= 0.363126
PhrasePenalty0= 0.0427961
TranslationModel0= 0.145047
TranslationModel0= 0.00533709
TranslationModel0= 0.051271
TranslationModel0= -0.0239369
