LexicalReordering0= 0.0374789
LexicalReordering0= 0.200098
LexicalReordering0= 0.305567
LexicalReordering0= -0.0774088
LexicalReordering0= 0.0200525
LexicalReordering0= 0.0375556
Distortion0= 0.0170047
LM0= 0.0543792
WordPenalty0= 0.0310737
PhrasePenalty0= -0.1432
TranslationModel0= 0.0207514
TranslationModel0= 0.0393006
TranslationModel0= 0.00359356
TranslationModel0= 0.0125353
