LexicalReordering0= 0.0523158
LexicalReordering0= 0.210233
LexicalReordering0= 0.122283
LexicalReordering0= 0.0513433
LexicalReordering0= 0.0481382
LexicalReordering0= 0.0439515
Distortion0= 0.0151478
LM0= 0.0871669
WordPenalty0= 0.0642173
PhrasePenalty0= -0.193009
TranslationModel0= 0.0881066
TranslationModel0= 0.0128057
TranslationModel0= 0.00206823
TranslationModel0= 0.00921427
