LexicalReordering0= 0.0457817
LexicalReordering0= 0.0190743
LexicalReordering0= 0.106357
LexicalReordering0= -0.0808824
LexicalReordering0= 0.0417534
LexicalReordering0= 0.0240155
Distortion0= 0.041401
LM0= 0.087356
WordPenalty0= -0.175826
PhrasePenalty0= -0.247684
TranslationModel0= 0.0180941
TranslationModel0= 0.0700479
TranslationModel0= 0.0321863
TranslationModel0= -0.00954039
