LexicalReordering0= 0.0427357
LexicalReordering0= 0.0229101
LexicalReordering0= 0.00400793
LexicalReordering0= -0.252088
LexicalReordering0= 0.0342899
LexicalReordering0= 0.0269462
Distortion0= 0.0686611
LM0= 0.0669771
WordPenalty0= -0.26333
PhrasePenalty0= 0.0705749
TranslationModel0= 0.0374791
TranslationModel0= 0.0380629
TranslationModel0= 0.0438978
TranslationModel0= -0.0280393
