LexicalReordering0= 0.315424
LexicalReordering0= 0.122271
LexicalReordering0= 0.0260919
LexicalReordering0= 0.0344851
LexicalReordering0= 0.01814
LexicalReordering0= 0.0253781
Distortion0= 0.0597643
LM0= 0.0584121
WordPenalty0= 0.217505
PhrasePenalty0= 0.00132464
TranslationModel0= 0.0850291
TranslationModel0= 0.0106529
TranslationModel0= 0.0185089
TranslationModel0= -0.00701309
