LexicalReordering0= 0.099238
LexicalReordering0= 0.0599807
LexicalReordering0= 0.0282271
LexicalReordering0= 0.0207305
LexicalReordering0= 0.0291438
LexicalReordering0= 0.0867207
Distortion0= 0.101084
LM0= 0.0773097
WordPenalty0= 0.305245
PhrasePenalty0= 0.0156778
TranslationModel0= 0.141599
TranslationModel0= -0.00783663
TranslationModel0= 0.0266404
TranslationModel0= -0.00056635
