LexicalReordering0= 0.0922185
LexicalReordering0= 0.055738
LexicalReordering0= 0.0262305
LexicalReordering0= 0.0192642
LexicalReordering0= 0.0270823
LexicalReordering0= 0.0805866
Distortion0= 0.0939339
LM0= 0.0718413
WordPenalty0= 0.336513
PhrasePenalty0= 0.0145689
TranslationModel0= 0.149458
TranslationModel0= -0.00728232
TranslationModel0= 0.024756
TranslationModel0= -0.00052629
