LexicalReordering0= 0.20999
LexicalReordering0= 0.0787821
LexicalReordering0= 0.0390794
LexicalReordering0= 0.00688204
LexicalReordering0= 0.176418
LexicalReordering0= 0.0973199
Distortion0= 0.0029959
LM0= 0.0480646
WordPenalty0= 0.157285
PhrasePenalty0= -0.016991
TranslationModel0= 0.108254
TranslationModel0= -0.0274304
TranslationModel0= -0.00912722
TranslationModel0= 0.021381
