LexicalReordering0= 0.0366177
LexicalReordering0= 0.0475812
LexicalReordering0= 0.157021
LexicalReordering0= 0.00448702
LexicalReordering0= 0.000350924
LexicalReordering0= 0.0510062
Distortion0= 0.044785
LM0= 0.102705
WordPenalty0= 0.0245775
PhrasePenalty0= -0.346743
TranslationModel0= 0.0229031
TranslationModel0= 0.105591
TranslationModel0= 0.0372448
TranslationModel0= -0.0183868
