LexicalReordering0= 0.00188413
LexicalReordering0= 9.95052e-05
LexicalReordering0= 0.000167269
LexicalReordering0= 0.000765977
LexicalReordering0= 0.000498234
LexicalReordering0= 6.21529e-05
Distortion0= 0.000742153
LM0= 0.000583658
WordPenalty0= 0.000190191
PhrasePenalty0= -0.994032
TranslationModel0= 5.03875e-05
TranslationModel0= 0.000528317
TranslationModel0= 0.000249987
TranslationModel0= -0.000145709
