LexicalReordering0= 0.0158437
LexicalReordering0= 0.164039
LexicalReordering0= 0.147504
LexicalReordering0= 0.0172668
LexicalReordering0= 0.0808278
LexicalReordering0= 0.08118
Distortion0= 0.0423844
LM0= 0.122987
WordPenalty0= 0.0170493
PhrasePenalty0= -0.158435
TranslationModel0= 0.0800514
TranslationModel0= 0.0658924
TranslationModel0= 0.000788168
TranslationModel0= -0.00575129
