LexicalReordering0= 0.0533327
LexicalReordering0= 0.189888
LexicalReordering0= 0.0323635
LexicalReordering0= 0.0215808
LexicalReordering0= 0.0024433
LexicalReordering0= 0.0750964
Distortion0= 0.029574
LM0= 0.0568147
WordPenalty0= 0.00443533
PhrasePenalty0= -0.432999
TranslationModel0= 0.000495406
TranslationModel0= 0.0640461
TranslationModel0= 0.026246
TranslationModel0= -0.0106841
