LexicalReordering0= 0.00569963
LexicalReordering0= 0.0654715
LexicalReordering0= 0.353025
LexicalReordering0= 0.0410677
LexicalReordering0= 0.0509689
LexicalReordering0= 0.0336193
Distortion0= 0.060278
LM0= 0.109557
WordPenalty0= 0.0672531
PhrasePenalty0= 0.0163261
TranslationModel0= 0.0667081
TranslationModel0= 0.0484654
TranslationModel0= 0.0520282
TranslationModel0= -0.0295322
