LexicalReordering0= 0.0246421
LexicalReordering0= 0.0542207
LexicalReordering0= 0.288649
LexicalReordering0= -0.185891
LexicalReordering0= 0.0548785
LexicalReordering0= 0.00826052
Distortion0= 0.0060358
LM0= 0.0552316
WordPenalty0= 0.115443
PhrasePenalty0= 0.0490229
TranslationModel0= 0.0628835
TranslationModel0= 0.0396606
TranslationModel0= 0.0460719
TranslationModel0= -0.00910936
