LexicalReordering0= 0.0564327
LexicalReordering0= 0.209644
LexicalReordering0= 0.0809753
LexicalReordering0= 0.00594553
LexicalReordering0= 0.061702
LexicalReordering0= 0.0432778
Distortion0= 0.0767915
LM0= 0.104019
WordPenalty0= 0.0224422
PhrasePenalty0= -0.204217
TranslationModel0= 0.106143
TranslationModel0= 0.0124644
TranslationModel0= 0.00544854
TranslationModel0= 0.0104973
