LexicalReordering0= 0.188632
LexicalReordering0= 0.0453221
LexicalReordering0= -0.0245299
LexicalReordering0= 0.00349318
LexicalReordering0= 0.033569
LexicalReordering0= 0.040594
Distortion0= 0.093383
LM0= 0.0639208
WordPenalty0= 0.0750689
PhrasePenalty0= -0.356526
TranslationModel0= 0.0189794
TranslationModel0= 0.045046
TranslationModel0= 0.0108386
TranslationModel0= 9.62087e-05
