LexicalReordering0= -0.206469
LexicalReordering0= 0.0774998
LexicalReordering0= 0.0354919
LexicalReordering0= 0.00709966
LexicalReordering0= 0.0265321
LexicalReordering0= 0.0128824
Distortion0= 0.0559814
LM0= 0.0768553
WordPenalty0= 0.0266026
PhrasePenalty0= -0.336826
TranslationModel0= 0.025836
TranslationModel0= 0.0688127
TranslationModel0= 0.0343404
TranslationModel0= -0.00877147
