LexicalReordering0= 0.0143586
LexicalReordering0= 0.0295244
LexicalReordering0= 0.0656846
LexicalReordering0= -0.142407
LexicalReordering0= 0.0403196
LexicalReordering0= 0.00286336
Distortion0= 0.0833459
LM0= 0.104937
WordPenalty0= 0.0533501
PhrasePenalty0= -0.273395
TranslationModel0= 0.0322956
TranslationModel0= 0.0969595
TranslationModel0= 0.0448778
TranslationModel0= -0.0156809
