LexicalReordering0= 0.0144765
LexicalReordering0= 0.0297668
LexicalReordering0= 0.0662239
LexicalReordering0= -0.143576
LexicalReordering0= 0.0406506
LexicalReordering0= 0.00288687
Distortion0= 0.0840302
LM0= 0.105799
WordPenalty0= 0.0537881
PhrasePenalty0= -0.27564
TranslationModel0= 0.0325608
TranslationModel0= 0.0977556
TranslationModel0= 0.0394371
TranslationModel0= -0.0134093
